v 0.0 0.0 1.070466
v 0.7136442 0.0 0.7978784
v -0.3568221 0.618034 0.7978784
v -0.3568221 -0.618034 0.7978784
v 0.7978784 0.618034 0.3568221
v 0.7978784 -0.618034 0.3568221
v -0.9341724 0.381966 0.3568221
v 0.1362939 1.0 0.3568221
v 0.1362939 -1.0 0.3568221
v -0.9341724 -0.381966 0.3568221
v 0.9341724 0.381966 -0.3568221
v 0.9341724 -0.381966 -0.3568221
v -0.7978784 0.618034 -0.3568221
v -0.1362939 1.0 -0.3568221
v -0.1362939 -1.0 -0.3568221
v -0.7978784 -0.618034 -0.3568221
v 0.3568221 0.618034 -0.7978784
v 0.3568221 -0.618034 -0.7978784
v -0.7136442 0.0 -0.7978784
v 0.0 0.0 -1.070466
f 0 1 4 7 2
f 0 2 6 9 3
f 0 3 8 5 1
f 1 5 11 10 4
f 2 7 13 12 6
f 3 9 15 14 8
f 4 10 16 13 7
f 5 8 14 17 11
f 6 12 18 15 9
f 10 11 17 19 16
f 12 13 16 19 18
f 14 15 18 19 17