v 0.0 0.0 1.175571
v 1.051462 0.0 0.5257311
v 0.3249197 1.0 0.5257311
v -0.8506508 0.618034 0.5257311
v -0.8506508 -0.618034 0.5257311
v 0.3249197 -1.0 0.5257311
v 0.8506508 0.618034 -0.5257311
v 0.8506508 -0.618034 -0.5257311
v -0.3249197 1.0 -0.5257311
v -1.051462 0.0 -0.5257311
v -0.3249197 -1.0 -0.5257311
v 0.0 0.0 -1.175571
f 0 1 2
f 0 2 3
f 0 3 4
f 0 4 5
f 0 5 1
f 1 5 7
f 1 7 6
f 1 6 2
f 2 6 8
f 2 8 3
f 3 8 9
f 3 9 4
f 4 9 10
f 4 10 5
f 5 10 7
f 6 7 11
f 6 11 8
f 7 10 11
f 8 11 9
f 9 11 10